0
0
0
0
0
0
0
58
127
0
92
0
-3
0
0
0
18
0
0
0
-1
0
0
19
6
-8
3
20
-127
1
0
0
13
0
0
0
0
0
0
2
-2
-8
-23
17
-127
2
0
0
0
0
0
0
0
0
0
0
0
0
0
0
0
0
0
0
0
0
0
0
1
0
0
17
127
0
-5
0
-1
-1
0
0
0
0
0
0
0
0
0
-127
6
0
44
0
-1
0
0
0
127
0
0
0
61
0
0
1
1
-1
0
-97
-5
62
0
0
-24
0
0
0
-106
0
0
-36
13
98
11
-13
127
98
0
0
72
0
0
0
31
0
0
-127
-71
-4
-121
33
19
-12
0
0
-2
0
0
0
-71
0
0
28
21
127
12
-7
9
62
0
0
-127
0
0
0
10
0
0
3
-1
-2
4
-95
6
2
0
0
89
0
0
0
6
0
0
1
-1
-4
0
127
-5
-2
0
0
1
0
0
0
-59
0
0
-13
12
43
-19
20
-127
53
0
0
-1
0
0
0
1
0
0
-28
127
0
-6
0
1
-2
0
0
0
0
0
0
0
0
0
0
0
0
0
0
0
0
0
0
0
0
0
0
0
0
0
0
0
0
0
0
0
0
0
0
127
0
0
0
8
0
0
13
5
-16
4
79
103
-10
0
0
-3
0
0
0
-34
0
0
0
5
-127
0
0
8
25
0
0
2
0
0
0
6
0
0
2
-2
-2
-8
2
-127
-5
0
0
0
0
0
0
0
0
0
-10
-127
0
-3
0
1
0
0
0
1
0
0
0
-67
0
0
1
-3
-127
0
-1
-1
79
0
0
0
0
0
0
0
0
0
127
12
0
-25
0
1
0
0
0
3
0
0
0
-1
0
0
-3
3
6
9
4
127
-4
0
0
-1
0
0
0
-13
0
0
-6
3
-2
6
8
127
12
0
0
1
0
0
0
-127
0
0
0
0
0
0
0
0
-121
0
0
-29
0
0
0
-18
0
0
-15
1
11
13
-25
127
15
0
0
0
0
0
0
7
0
0
-1
3
127
0
0
1
6
0
0
-13
0
0
0
28
0
0
6
16
3
14
-25
127
6
0
0
1
0
0
0
0
0
0
4
2
-5
7
0
127
-1
0
0
1
0
0
0
1
0
0
-26
127
0
-31
1
-2
0
0
0
-127
0
0
0
77
0
0
-1
-2
-1
-1
92
5
73
0
0
-127
0
0
0
73
0
0
0
-1
13
-1
108
7
58
0
0